#1011000
0 0 0 0 0 1 1 1452002 3000 0 0 0 0 0 0 0 0 0 0 0 0 
0 0 0 0 0 1 1 1462006 144000 0 0 0 0 0 0 0 0 0 0 0 0 
0 0 0 0 0 1 1 1302007 3000 0 0 0 0 0 0 0 0 0 0 0 0 
0 0 0 0 0 1 1 1322007 6000 0 0 0 0 0 0 0 0 0 0 0 0 
0 0 0 0 0 1 1 1322008 12000 0 0 0 0 0 0 0 0 0 0 0 0 
0 0 0 0 0 1 1 1422004 20000 0 0 0 0 0 0 0 0 0 0 0 0 
0 0 0 0 0 1 1 1442004 24000 0 0 0 0 0 0 0 0 0 0 0 0 
0 0 0 0 0 500 500 2070000 0 0 0 0 0 0 0 0 0 0 0 0 0 
0 0 0 0 0 500 500 2070001 0 0 0 0 0 0 0 0 0 0 0 0 0 
0 0 0 0 0 1 1 1462004 40000 0 0 0 0 0 0 0 0 0 0 0 0 
0 0 0 0 0 1 1 1462000 30000 0 0 0 0 0 0 0 0 0 0 0 0 
0 0 0 0 0 1 1 1462003 12000 0 0 0 0 0 0 0 0 0 0 0 0 
0 0 0 0 0 1 1 1452003 6000 0 0 0 0 0 0 0 0 0 0 0 0 
0 0 0 0 0 1 1 1452001 10000 0 0 0 0 0 0 0 0 0 0 0 0 
0 0 0 0 0 1 1 1452000 20000 0 0 0 0 0 0 0 0 0 0 0 0 
0 0 0 0 0 1 1 1452005 40000 0 0 0 0 0 0 0 0 0 0 0 0 
0 0 0 0 0 1 1 1452006 80000 0 0 0 0 0 0 0 0 0 0 0 0 
0 0 0 0 0 1 1 1452007 144000 0 0 0 0 0 0 0 0 0 0 0 0 
0 0 0 0 0 1 1 1462001 4000 0 0 0 0 0 0 0 0 0 0 0 0 
0 0 0 0 0 1 1 1462002 8000 0 0 0 0 0 0 0 0 0 0 0 0 
0 0 0 0 0 700 700 2070002 0 0 0 0 0 0 0 0 0 0 0 0 0 
0 0 0 0 0 500 500 2070003 0 0 0 0 0 0 0 0 0 0 0 0 0 
0 0 0 0 0 1000 1000 2070004 0 0 0 0 0 0 0 0 0 0 0 0 0 
0 0 0 0 0 800 800 2332000 0 0 0 0 0 0 0 0 0 0 0 0 0 
0 0 0 0 0 800 800 2331000 0 0 0 0 0 0 0 0 0 0 0 0 0 
0 0 0 0 0 2000 2000 2070026 0 0 0 0 0 0 0 0 0 0 0 0 0 
0 0 0 0 0 3000 3000 2330005 0 0 0 0 0 0 0 0 0 0 0 0 0 
0 0 0 0 0 2600 2600 2330004 0 0 0 0 0 0 0 0 0 0 0 0 0 
0 0 0 0 0 2200 2200 2330003 0 0 0 0 0 0 0 0 0 0 0 0 0 
0 0 0 0 0 1600 1600 2330002 0 0 0 0 0 0 0 0 0 0 0 0 0 
0 0 0 0 0 1200 1200 2330001 0 0 0 0 0 0 0 0 0 0 0 0 0 
0 0 0 0 0 2600 2600 2330016 0 0 0 0 0 0 0 0 0 0 0 0 0 
0 0 0 0 0 1000 1000 2070012 0 0 0 0 0 0 0 0 0 0 0 0 0 
0 0 0 0 0 800 800 2070018 0 0 0 0 0 0 0 0 0 0 0 0 0 
0 0 0 0 0 1000 1000 2070005 0 0 0 0 0 0 0 0 0 0 0 0 0 
0 0 0 0 0 800 800 2070006 0 0 0 0 0 0 0 0 0 0 0 0 0 
0 0 0 0 0 1000 1000 2070007 0 0 0 0 0 0 0 0 0 0 0 0 0 
0 0 0 0 0 800 800 2070009 0 0 0 0 0 0 0 0 0 0 0 0 0 
0 0 0 0 0 800 800 2070010 0 0 0 0 0 0 0 0 0 0 0 0 0 
0 0 0 0 0 800 800 2070011 0 0 0 0 0 0 0 0 0 0 0 0 0 
0 0 0 0 0 1500 1500 2070023 0 0 0 0 0 0 0 0 0 0 0 0 0 
0 0 0 0 0 2000 2000 2070024 0 0 0 0 0 0 0 0 0 0 0 0 0 
0 0 0 0 0 800 800 2330000 0 0 0 0 0 0 0 0 0 0 0 0 0 
0 0 0 0 0 3200 3200 2330008 0 0 0 0 0 0 0 0 0 0 0 0 0 
0 0 0 0 0 800 800 2070008 0 0 0 0 0 0 0 0 0 0 0 0 0 
0 0 0 0 0 800 800 2070016 0 0 0 0 0 0 0 0 0 0 0 0 0 
0 0 0 0 0 1 1 1462005 80000 0 0 0 0 0 0 0 0 0 0 0 0 

#1011001
0 0 0 0 0 1 1 1072081 30000 0 0 0 0 0 0 0 0 0 0 0 0 
0 0 0 0 0 1 1 1072016 4500 0 0 0 0 0 0 0 0 0 0 0 0 
0 0 0 0 0 1 1 1072101 66000 0 0 0 0 0 0 0 0 0 0 0 0 
0 0 0 0 0 1 1 1072059 1800 0 0 0 0 0 0 0 0 0 0 0 0 
0 0 0 0 0 1 1 1060056 44000 0 0 0 0 0 0 0 0 0 0 0 0 
0 0 0 0 0 1 1 1060057 44000 0 0 0 0 0 0 0 0 0 0 0 0 
0 0 0 0 0 1 1 1072015 1800 0 0 0 0 0 0 0 0 0 0 0 0 
0 0 0 0 0 1 1 1062006 13000 0 0 0 0 0 0 0 0 0 0 0 0 
0 0 0 0 0 1 1 1062002 9000 0 0 0 0 0 0 0 0 0 0 0 0 
0 0 0 0 0 1 1 1061080 81000 0 0 0 0 0 0 0 0 0 0 0 0 
0 0 0 0 0 1 1 1072060 4500 0 0 0 0 0 0 0 0 0 0 0 0 
0 0 0 0 0 1 1 1072061 4500 0 0 0 0 0 0 0 0 0 0 0 0 
0 0 0 0 0 1 1 1072025 9000 0 0 0 0 0 0 0 0 0 0 0 0 
0 0 0 0 0 1 1 1072080 30000 0 0 0 0 0 0 0 0 0 0 0 0 
0 0 0 0 0 1 1 1072079 30000 0 0 0 0 0 0 0 0 0 0 0 0 
0 0 0 0 0 1 1 1072069 20000 0 0 0 0 0 0 0 0 0 0 0 0 
0 0 0 0 0 1 1 1072034 20000 0 0 0 0 0 0 0 0 0 0 0 0 
0 0 0 0 0 1 1 1072082 30000 0 0 0 0 0 0 0 0 0 0 0 0 
0 0 0 0 0 1 1 1072068 9000 0 0 0 0 0 0 0 0 0 0 0 0 
0 0 0 0 0 1 1 1072067 9000 0 0 0 0 0 0 0 0 0 0 0 0 
0 0 0 0 0 1 1 1072026 9000 0 0 0 0 0 0 0 0 0 0 0 0 
0 0 0 0 0 1 1 1072083 30000 0 0 0 0 0 0 0 0 0 0 0 0 
0 0 0 0 0 1 1 1072102 66000 0 0 0 0 0 0 0 0 0 0 0 0 
0 0 0 0 0 1 1 1061081 81000 0 0 0 0 0 0 0 0 0 0 0 0 
0 0 0 0 0 1 1 1061051 44000 0 0 0 0 0 0 0 0 0 0 0 0 
0 0 0 0 0 1 1 1061050 44000 0 0 0 0 0 0 0 0 0 0 0 0 
0 0 0 0 0 1 1 1061025 9000 0 0 0 0 0 0 0 0 0 0 0 0 
0 0 0 0 0 1 1 1061024 9000 0 0 0 0 0 0 0 0 0 0 0 0 
0 0 0 0 0 1 1 1061059 5000 0 0 0 0 0 0 0 0 0 0 0 0 
0 0 0 0 0 1 1 1061058 5000 0 0 0 0 0 0 0 0 0 0 0 0 
0 0 0 0 0 1 1 1061006 5000 0 0 0 0 0 0 0 0 0 0 0 0 
0 0 0 0 0 1 1 1061057 3000 0 0 0 0 0 0 0 0 0 0 0 0 
0 0 0 0 0 1 1 1060058 44000 0 0 0 0 0 0 0 0 0 0 0 0 
0 0 0 0 0 1 1 1060059 44000 0 0 0 0 0 0 0 0 0 0 0 0 
0 0 0 0 0 1 1 1061052 44000 0 0 0 0 0 0 0 0 0 0 0 0 
0 0 0 0 0 1 1 1060062 67500 0 0 0 0 0 0 0 0 0 0 0 0 
0 0 0 0 0 1 1 1041055 45000 0 0 0 0 0 0 0 0 0 0 0 0 
0 0 0 0 0 1 1 1061062 67501 0 0 0 0 0 0 0 0 0 0 0 0 
0 0 0 0 0 1 1 1061060 67500 0 0 0 0 0 0 0 0 0 0 0 0 
0 0 0 0 0 1 1 1061064 67500 0 0 0 0 0 0 0 0 0 0 0 0 
0 0 0 0 0 1 1 1061061 67500 0 0 0 0 0 0 0 0 0 0 0 0 
0 0 0 0 0 1 1 1060069 81000 0 0 0 0 0 0 0 0 0 0 0 0 
0 0 0 0 0 1 1 1060063 67500 0 0 0 0 0 0 0 0 0 0 0 0 
0 0 0 0 0 1 1 1060061 67500 0 0 0 0 0 0 0 0 0 0 0 0 
0 0 0 0 0 1 1 1061026 9000 0 0 0 0 0 0 0 0 0 0 0 0 
0 0 0 0 0 1 1 1060065 67500 0 0 0 0 0 0 0 0 0 0 0 0 
0 0 0 0 0 1 1 1061009 3000 0 0 0 0 0 0 0 0 0 0 0 0 
0 0 0 0 0 1 1 1002008 500 0 0 0 0 0 0 0 0 0 0 0 0 
0 0 0 0 0 1 1 1002168 92000 0 0 0 0 0 0 0 0 0 0 0 0 
0 0 0 0 0 1 1 1002167 92000 0 0 0 0 0 0 0 0 0 0 0 0 
0 0 0 0 0 1 1 1002166 92000 0 0 0 0 0 0 0 0 0 0 0 0 
0 0 0 0 0 1 1 1002139 66000 0 0 0 0 0 0 0 0 0 0 0 0 
0 0 0 0 0 1 1 1002138 66000 0 0 0 0 0 0 0 0 0 0 0 0 
0 0 0 0 0 1 1 1002137 66000 0 0 0 0 0 0 0 0 0 0 0 0 
0 0 0 0 0 1 1 1002136 66000 0 0 0 0 0 0 0 0 0 0 0 0 
0 0 0 0 0 1 1 1002135 66000 0 0 0 0 0 0 0 0 0 0 0 0 
0 0 0 0 0 1 1 1002169 92000 0 0 0 0 0 0 0 0 0 0 0 0 
0 0 0 0 0 1 1 1002170 92000 0 0 0 0 0 0 0 0 0 0 0 0 
0 0 0 0 0 1 1 1032003 7000 0 0 0 0 0 0 0 0 0 0 0 0 
0 0 0 0 0 1 1 1032001 7000 0 0 0 0 0 0 0 0 0 0 0 0 
0 0 0 0 0 1 1 1002160 20000 0 0 0 0 0 0 0 0 0 0 0 0 
0 0 0 0 0 1 1 1002159 20000 0 0 0 0 0 0 0 0 0 0 0 0 
0 0 0 0 0 1 1 1002158 20000 0 0 0 0 0 0 0 0 0 0 0 0 
0 0 0 0 0 1 1 1002157 20000 0 0 0 0 0 0 0 0 0 0 0 0 
0 0 0 0 0 1 1 1002156 20000 0 0 0 0 0 0 0 0 0 0 0 0 
0 0 0 0 0 1 1 1002057 800 0 0 0 0 0 0 0 0 0 0 0 0 
0 0 0 0 0 1 1 1002164 30000 0 0 0 0 0 0 0 0 0 0 0 0 
0 0 0 0 0 1 1 1002163 30000 0 0 0 0 0 0 0 0 0 0 0 0 
0 0 0 0 0 1 1 1002113 4000 0 0 0 0 0 0 0 0 0 0 0 0 
0 0 0 0 0 1 1 1002112 4000 0 0 0 0 0 0 0 0 0 0 0 0 
0 0 0 0 0 1 1 1002063 3000 0 0 0 0 0 0 0 0 0 0 0 0 
0 0 0 0 0 1 1 1002062 3000 0 0 0 0 0 0 0 0 0 0 0 0 
0 0 0 0 0 1 1 1002061 3000 0 0 0 0 0 0 0 0 0 0 0 0 
0 0 0 0 0 1 1 1002060 3000 0 0 0 0 0 0 0 0 0 0 0 0 
0 0 0 0 0 1 1 1002033 3000 0 0 0 0 0 0 0 0 0 0 0 0 
0 0 0 0 0 1 1 1002012 3000 0 0 0 0 0 0 0 0 0 0 0 0 
0 0 0 0 0 1 1 1002114 4000 0 0 0 0 0 0 0 0 0 0 0 0 
0 0 0 0 0 1 1 1002115 4000 0 0 0 0 0 0 0 0 0 0 0 0 
0 0 0 0 0 1 1 1002162 30000 0 0 0 0 0 0 0 0 0 0 0 0 
0 0 0 0 0 1 1 1002161 30000 0 0 0 0 0 0 0 0 0 0 0 0 
0 0 0 0 0 1 1 1002121 9000 0 0 0 0 0 0 0 0 0 0 0 0 
0 0 0 0 0 1 1 1002120 9000 0 0 0 0 0 0 0 0 0 0 0 0 
0 0 0 0 0 1 1 1002119 9000 0 0 0 0 0 0 0 0 0 0 0 0 
0 0 0 0 0 1 1 1002118 9000 0 0 0 0 0 0 0 0 0 0 0 0 
0 0 0 0 0 1 1 1002117 9000 0 0 0 0 0 0 0 0 0 0 0 0 
0 0 0 0 0 1 1 1002116 4000 0 0 0 0 0 0 0 0 0 0 0 0 
0 0 0 0 0 1 1 1040008 3200 0 0 0 0 0 0 0 0 0 0 0 0 
0 0 0 0 0 1 1 1040071 3200 0 0 0 0 0 0 0 0 0 0 0 0 
0 0 0 0 0 1 1 1040074 67500 0 0 0 0 0 0 0 0 0 0 0 0 
0 0 0 0 0 1 1 1040073 67500 0 0 0 0 0 0 0 0 0 0 0 0 
0 0 0 0 0 1 1 1040072 67500 0 0 0 0 0 0 0 0 0 0 0 0 
0 0 0 0 0 1 1 1041056 45000 0 0 0 0 0 0 0 0 0 0 0 0 
0 0 0 0 0 1 1 1041054 45000 0 0 0 0 0 0 0 0 0 0 0 0 
0 0 0 0 0 1 1 1041035 15000 0 0 0 0 0 0 0 0 0 0 0 0 
0 0 0 0 0 1 1 1041034 15000 0 0 0 0 0 0 0 0 0 0 0 0 
0 0 0 0 0 1 1 1041033 15000 0 0 0 0 0 0 0 0 0 0 0 0 
0 0 0 0 0 1 1 1040076 67500 0 0 0 0 0 0 0 0 0 0 0 0 
0 0 0 0 0 1 1 1040081 81000 0 0 0 0 0 0 0 0 0 0 0 0 
0 0 0 0 0 1 1 1060005 14000 0 0 0 0 0 0 0 0 0 0 0 0 
0 0 0 0 0 1 1 1041081 81000 0 0 0 0 0 0 0 0 0 0 0 0 
0 0 0 0 0 1 1 1041082 81000 0 0 0 0 0 0 0 0 0 0 0 0 
0 0 0 0 0 1 1 1041067 67500 0 0 0 0 0 0 0 0 0 0 0 0 
0 0 0 0 0 1 1 1041065 67500 0 0 0 0 0 0 0 0 0 0 0 0 
0 0 0 0 0 1 1 1041069 67500 0 0 0 0 0 0 0 0 0 0 0 0 
0 0 0 0 0 1 1 1041066 67500 0 0 0 0 0 0 0 0 0 0 0 0 
0 0 0 0 0 1 1 1040079 81000 0 0 0 0 0 0 0 0 0 0 0 0 
0 0 0 0 0 1 1 1041032 15000 0 0 0 0 0 0 0 0 0 0 0 0 
0 0 0 0 0 1 1 1041028 9000 0 0 0 0 0 0 0 0 0 0 0 0 
0 0 0 0 0 1 1 1040067 45000 0 0 0 0 0 0 0 0 0 0 0 0 
0 0 0 0 0 1 1 1040025 15000 0 0 0 0 0 0 0 0 0 0 0 0 
0 0 0 0 0 1 1 1040024 15000 0 0 0 0 0 0 0 0 0 0 0 0 
0 0 0 0 0 1 1 1040023 15000 0 0 0 0 0 0 0 0 0 0 0 0 
0 0 0 0 0 1 1 1040022 15000 0 0 0 0 0 0 0 0 0 0 0 0 
0 0 0 0 0 1 1 1040003 9000 0 0 0 0 0 0 0 0 0 0 0 0 
0 0 0 0 0 1 1 1040011 5500 0 0 0 0 0 0 0 0 0 0 0 0 
0 0 0 0 0 1 1 1040007 5500 0 0 0 0 0 0 0 0 0 0 0 0 
0 0 0 0 0 1 1 1040068 45000 0 0 0 0 0 0 0 0 0 0 0 0 
0 0 0 0 0 1 1 1040069 45000 0 0 0 0 0 0 0 0 0 0 0 0 
0 0 0 0 0 1 1 1041027 9000 0 0 0 0 0 0 0 0 0 0 0 0 
0 0 0 0 0 1 1 1041013 9000 0 0 0 0 0 0 0 0 0 0 0 0 
0 0 0 0 0 1 1 1041063 5500 0 0 0 0 0 0 0 0 0 0 0 0 
0 0 0 0 0 1 1 1041062 5500 0 0 0 0 0 0 0 0 0 0 0 0 
0 0 0 0 0 1 1 1041008 5500 0 0 0 0 0 0 0 0 0 0 0 0 
0 0 0 0 0 1 1 1041061 3200 0 0 0 0 0 0 0 0 0 0 0 0 
0 0 0 0 0 1 1 1041007 3200 0 0 0 0 0 0 0 0 0 0 0 0 
0 0 0 0 0 1 1 1040070 45000 0 0 0 0 0 0 0 0 0 0 0 0 
0 0 0 0 0 1 1 1002165 30000 0 0 0 0 0 0 0 0 0 0 0 0 
0 0 0 0 0 1 1 1002010 800 0 0 0 0 0 0 0 0 0 0 0 0 
0 0 0 0 0 1200 1200 2330001 0 0 0 0 0 0 0 0 0 0 0 0 0 
0 0 0 0 0 800 800 2330000 0 0 0 0 0 0 0 0 0 0 0 0 0 
0 0 0 0 0 2000 2000 2070026 0 0 0 0 0 0 0 0 0 0 0 0 0 
0 0 0 0 0 2000 2000 2070024 0 0 0 0 0 0 0 0 0 0 0 0 0 
0 0 0 0 0 1500 1500 2070023 0 0 0 0 0 0 0 0 0 0 0 0 0 
0 0 0 0 0 800 800 2070011 0 0 0 0 0 0 0 0 0 0 0 0 0 
0 0 0 0 0 800 800 2070010 0 0 0 0 0 0 0 0 0 0 0 0 0 
0 0 0 0 0 800 800 2070009 0 0 0 0 0 0 0 0 0 0 0 0 0 
0 0 0 0 0 800 800 2070008 0 0 0 0 0 0 0 0 0 0 0 0 0 
0 0 0 0 0 1600 1600 2330002 0 0 0 0 0 0 0 0 0 0 0 0 0 
0 0 0 0 0 2200 2200 2330003 0 0 0 0 0 0 0 0 0 0 0 0 0 
0 0 0 0 0 2600 2600 2330004 0 0 0 0 0 0 0 0 0 0 0 0 0 
0 0 0 0 0 1 1 1060070 81000 0 0 0 0 0 0 0 0 0 0 0 0 
0 0 0 0 0 800 800 2070018 0 0 0 0 0 0 0 0 0 0 0 0 0 
0 0 0 0 0 800 800 2070016 0 0 0 0 0 0 0 0 0 0 0 0 0 
0 0 0 0 0 1000 1000 2070012 0 0 0 0 0 0 0 0 0 0 0 0 0 
0 0 0 0 0 2600 2600 2330016 0 0 0 0 0 0 0 0 0 0 0 0 0 
0 0 0 0 0 800 800 2332000 0 0 0 0 0 0 0 0 0 0 0 0 0 
0 0 0 0 0 800 800 2331000 0 0 0 0 0 0 0 0 0 0 0 0 0 
0 0 0 0 0 3200 3200 2330008 0 0 0 0 0 0 0 0 0 0 0 0 0 
0 0 0 0 0 3000 3000 2330005 0 0 0 0 0 0 0 0 0 0 0 0 0 
0 0 0 0 0 1000 1000 2070007 0 0 0 0 0 0 0 0 0 0 0 0 0 
0 0 0 0 0 800 800 2070006 0 0 0 0 0 0 0 0 0 0 0 0 0 
0 0 0 0 0 1000 1000 2070005 0 0 0 0 0 0 0 0 0 0 0 0 0 
0 0 0 0 0 1 1 1072018 30000 0 0 0 0 0 0 0 0 0 0 0 0 
0 0 0 0 0 1 1 1072056 15000 0 0 0 0 0 0 0 0 0 0 0 0 
0 0 0 0 0 1 1 1072055 15000 0 0 0 0 0 0 0 0 0 0 0 0 
0 0 0 0 0 1 1 1072054 15000 0 0 0 0 0 0 0 0 0 0 0 0 
0 0 0 0 0 1 1 1072012 15000 0 0 0 0 0 0 0 0 0 0 0 0 
0 0 0 0 0 1 1 1072121 92000 0 0 0 0 0 0 0 0 0 0 0 0 
0 0 0 0 0 1 1 1072120 92000 0 0 0 0 0 0 0 0 0 0 0 0 
0 0 0 0 0 1 1 1072119 92000 0 0 0 0 0 0 0 0 0 0 0 0 
0 0 0 0 0 1 1 1072118 92000 0 0 0 0 0 0 0 0 0 0 0 0 
0 0 0 0 0 1 1 1072103 66000 0 0 0 0 0 0 0 0 0 0 0 0 
0 0 0 0 0 1 1 1072064 30000 0 0 0 0 0 0 0 0 0 0 0 0 
0 0 0 0 0 1 1 1082012 4500 0 0 0 0 0 0 0 0 0 0 0 0 
0 0 0 0 0 1000 1000 2070004 0 0 0 0 0 0 0 0 0 0 0 0 0 
0 0 0 0 0 500 500 2070003 0 0 0 0 0 0 0 0 0 0 0 0 0 
0 0 0 0 0 700 700 2070002 0 0 0 0 0 0 0 0 0 0 0 0 0 
0 0 0 0 0 500 500 2070001 0 0 0 0 0 0 0 0 0 0 0 0 0 
0 0 0 0 0 500 500 2070000 0 0 0 0 0 0 0 0 0 0 0 0 0 
0 0 0 0 0 1 1 1082073 92000 0 0 0 0 0 0 0 0 0 0 0 0 
0 0 0 0 0 1 1 1082070 66000 0 0 0 0 0 0 0 0 0 0 0 0 
0 0 0 0 0 1 1 1082050 30000 0 0 0 0 0 0 0 0 0 0 0 0 
0 0 0 0 0 1 1 1082018 20000 0 0 0 0 0 0 0 0 0 0 0 0 
0 0 0 0 0 1 1 1082015 9000 0 0 0 0 0 0 0 0 0 0 0 0 

#1011100
0 0 1 0 0 1200 1200 2330001 50000 0 0 0 0 0 0 0 0 0 0 0 0 
0 0 1 0 0 1600 1600 2330002 150000 0 0 0 0 0 0 0 0 0 0 0 0 
0 0 1 0 0 2200 2200 2330003 500000 0 0 0 0 0 0 0 0 0 0 0 0 
0 0 1 0 0 2600 2600 2330004 950000 0 0 0 0 0 0 0 0 0 0 0 0 
0 0 1 0 0 3000 3000 2330005 2100000 0 0 0 0 0 0 0 0 0 0 0 0 
0 0 1 0 0 3200 3200 2330008 3000000 0 0 0 0 0 0 0 0 0 0 0 0 
0 0 0 0 0 500 500 2070001 0 0 0 0 0 0 0 0 0 0 0 0 0 
0 0 0 0 0 700 700 2070002 0 0 0 0 0 0 0 0 0 0 0 0 0 
0 0 0 0 0 800 800 2330000 600 0 0 0 0 0 0 0 0 0 0 0 0 
0 0 1 0 0 800 800 2070006 3000000 0 0 0 0 0 0 0 0 0 0 0 0 
0 0 1 0 0 1000 1000 2070005 2100000 0 0 0 0 0 0 0 0 0 0 0 0 
0 0 0 0 0 100 1 2050001 200 0 0 0 0 0 0 0 0 0 0 0 0 
0 0 1 0 0 1000 1000 2070004 950000 0 0 0 0 0 0 0 0 0 0 0 0 
0 0 1 0 0 500 500 2070003 500000 0 0 0 0 0 0 0 0 0 0 0 0 
0 0 1 0 0 700 700 2070002 150000 0 0 0 0 0 0 0 0 0 0 0 0 
0 0 1 0 0 500 500 2070001 50000 0 0 0 0 0 0 0 0 0 0 0 0 
0 0 0 0 0 500 500 2070000 500 0 0 0 0 0 0 0 0 0 0 0 0 
0 0 0 0 0 100 1 2050002 300 0 0 0 0 0 0 0 0 0 0 0 0 
0 0 0 0 0 100 1 2050000 200 0 0 0 0 0 0 0 0 0 0 0 0 
0 0 0 0 0 500 500 2070003 0 0 0 0 0 0 0 0 0 0 0 0 0 
0 0 0 0 0 1000 1000 2070004 0 0 0 0 0 0 0 0 0 0 0 0 0 
0 0 0 0 0 1200 1200 2330001 0 0 0 0 0 0 0 0 0 0 0 0 0 
0 0 0 0 0 1600 1600 2330002 0 0 0 0 0 0 0 0 0 0 0 0 0 
0 0 0 0 0 2200 2200 2330003 0 0 0 0 0 0 0 0 0 0 0 0 0 
0 0 0 0 0 2600 2600 2330004 0 0 0 0 0 0 0 0 0 0 0 0 0 
0 0 0 0 0 3000 3000 2330005 0 0 0 0 0 0 0 0 0 0 0 0 0 
0 0 0 0 0 3200 3200 2330008 0 0 0 0 0 0 0 0 0 0 0 0 0 
0 0 0 0 0 800 800 2331000 0 0 0 0 0 0 0 0 0 0 0 0 0 
0 0 0 0 0 800 800 2332000 0 0 0 0 0 0 0 0 0 0 0 0 0 
0 0 0 0 0 2000 2000 2070026 0 0 0 0 0 0 0 0 0 0 0 0 0 
0 0 0 0 0 2000 2000 2070024 0 0 0 0 0 0 0 0 0 0 0 0 0 
0 0 0 0 0 1000 1000 2070005 0 0 0 0 0 0 0 0 0 0 0 0 0 
0 0 0 0 0 800 800 2070006 0 0 0 0 0 0 0 0 0 0 0 0 0 
0 0 0 0 0 1000 1000 2070007 0 0 0 0 0 0 0 0 0 0 0 0 0 
0 0 0 0 0 800 800 2070008 0 0 0 0 0 0 0 0 0 0 0 0 0 
0 0 0 0 0 800 800 2070009 0 0 0 0 0 0 0 0 0 0 0 0 0 
0 0 0 0 0 800 800 2070010 0 0 0 0 0 0 0 0 0 0 0 0 0 
0 0 0 0 0 800 800 2070011 0 0 0 0 0 0 0 0 0 0 0 0 0 
0 0 0 0 0 1500 1500 2070023 0 0 0 0 0 0 0 0 0 0 0 0 0 
0 0 0 0 0 2600 2600 2330016 0 0 0 0 0 0 0 0 0 0 0 0 0 
0 0 0 0 0 9999 2000 2061000 1400 0 0 0 0 0 0 0 0 0 0 0 0 
0 0 1 0 0 1 1 2710002 7500000 0 0 0 0 0 0 10080 0 0 0 0 0 
0 0 1 0 0 200 1 2430964 7900000 0 0 0 0 0 0 0 0 0 0 0 0 
0 0 1 0 0 200 1 2430965 7900000 0 0 0 0 0 0 0 0 0 0 0 0 
0 0 1 0 0 200 1 2430966 7900000 0 0 0 0 0 0 0 0 0 0 0 0 
0 0 1 0 0 200 1 2430967 7900000 0 0 0 0 0 0 0 0 0 0 0 0 
0 0 1 0 0 1 1 2434257 9900000 0 0 0 0 0 0 0 0 0 0 0 0 
0 0 1 0 0 1 1 2434301 15000000 0 0 0 0 0 0 0 0 0 0 0 0 
0 0 1 0 0 1 1 2350003 19900000 0 0 0 0 0 0 0 0 0 0 0 0 
0 0 0 0 0 300 1 2000000 5 0 0 0 0 0 0 0 0 0 0 0 0 
0 0 1 0 0 100 1 2049501 6900000 0 0 0 0 0 0 0 0 0 0 0 0 
0 0 0 0 0 100 1 2431790 5000000 0 0 0 0 0 0 0 0 0 0 0 0 
0 0 0 0 0 1 1 2310001 10000 0 0 0 0 0 0 129600 0 0 0 0 0 
0 0 0 0 0 1000 1 4170036 500 0 0 0 0 0 0 0 0 0 0 0 0 
0 0 0 0 0 1000 1 4170050 100 0 0 0 0 0 0 0 0 0 0 0 0 
0 0 0 0 0 100 1 2930000 5000 0 0 0 0 0 0 0 0 0 0 0 0 
0 0 0 0 0 1 1 2432409 100000 0 0 0 0 0 0 0 0 0 0 0 0 
0 0 0 0 0 1 1 2432410 100000 0 0 0 0 0 0 0 0 0 0 0 0 
0 0 0 0 0 1 1 2432411 100000 0 0 0 0 0 0 0 0 0 0 0 0 
0 0 0 0 0 100 1 2431789 3000000 0 0 0 0 0 0 0 0 0 0 0 0 
0 0 0 0 0 300 1 2000001 48 0 0 0 0 0 0 0 0 0 0 0 0 
0 0 0 0 0 300 1 2000002 96 0 0 0 0 0 0 0 0 0 0 0 0 
0 0 0 0 0 300 1 2010004 93 0 0 0 0 0 0 0 0 0 0 0 0 
0 0 0 0 0 300 1 2020028 2100 0 0 0 0 0 0 0 0 0 0 0 0 
0 0 0 0 0 1000 1 2120000 30 0 0 0 0 0 0 0 0 0 0 0 0 
0 0 0 0 0 100 1 2030000 400 0 0 0 0 0 0 0 0 0 0 0 0 
0 0 0 0 0 100 1 2030004 500 0 0 0 0 0 0 0 0 0 0 0 0 
0 0 0 0 0 9999 1 2060000 1 0 0 0 0 0 0 0 0 0 0 0 0 
0 0 0 0 0 9999 1 2061000 1 0 0 0 0 0 0 0 0 0 0 0 0 
0 0 0 0 0 9999 2000 2060000 1400 0 0 0 0 0 0 0 0 0 0 0 0 
0 0 0 0 0 300 1 2010003 10 0 0 0 0 0 0 0 0 0 0 0 0 
0 0 0 0 0 300 1 2010001 10 0 0 0 0 0 0 0 0 0 0 0 0 
0 0 0 0 0 300 1 2010002 5 0 0 0 0 0 0 0 0 0 0 0 0 
0 0 0 0 0 300 1 2000003 20 0 0 0 0 0 0 0 0 0 0 0 0 
0 0 0 0 0 300 1 2000006 186 0 0 0 0 0 0 0 0 0 0 0 0 
0 0 0 0 0 300 1 2002000 500 0 0 0 0 0 0 0 0 0 0 0 0 
0 0 0 0 0 300 1 2002001 400 0 0 0 0 0 0 0 0 0 0 0 0 
0 0 0 0 0 300 1 2002002 500 0 0 0 0 0 0 0 0 0 0 0 0 
0 0 0 0 0 300 1 2002004 500 0 0 0 0 0 0 0 0 0 0 0 0 
0 0 0 0 0 300 1 2002005 500 0 0 0 0 0 0 0 0 0 0 0 0 
0 0 0 0 0 300 1 2010000 3 0 0 0 0 0 0 0 0 0 0 0 0 

#1011101
0 0 0 0 0 1000 1000 2070012 0 0 0 0 0 0 0 0 0 0 0 0 0 
0 0 0 0 0 1000 1000 2070013 0 0 0 0 0 0 0 0 0 0 0 0 0 
0 0 0 0 0 800 800 2070016 0 0 0 0 0 0 0 0 0 0 0 0 0 
0 0 0 0 0 800 800 2070018 0 0 0 0 0 0 0 0 0 0 0 0 0 
0 0 0 0 0 800 800 2330000 0 0 0 0 0 0 0 0 0 0 0 0 0 
0 0 0 0 0 1 1 1051025 120000 0 0 0 0 0 0 0 0 0 0 0 0 
0 0 0 0 0 2600 2600 2330016 0 0 0 0 0 0 0 0 0 0 0 0 0 
0 0 0 0 0 1 1 1040025 15000 0 0 0 0 0 0 0 0 0 0 0 0 
0 0 0 0 0 1 1 1002169 92000 0 0 0 0 0 0 0 0 0 0 0 0 
0 0 0 0 0 1 1 1002168 92000 0 0 0 0 0 0 0 0 0 0 0 0 
0 0 0 0 0 1 1 1002167 92000 0 0 0 0 0 0 0 0 0 0 0 0 
0 0 0 0 0 1 1 1002166 92000 0 0 0 0 0 0 0 0 0 0 0 0 
0 0 0 0 0 1 1 1002139 66000 0 0 0 0 0 0 0 0 0 0 0 0 
0 0 0 0 0 1 1 1002138 66000 0 0 0 0 0 0 0 0 0 0 0 0 
0 0 0 0 0 1 1 1002137 66000 0 0 0 0 0 0 0 0 0 0 0 0 
0 0 0 0 0 1 1 1002136 66000 0 0 0 0 0 0 0 0 0 0 0 0 
0 0 0 0 0 1 1 1002135 66000 0 0 0 0 0 0 0 0 0 0 0 0 
0 0 0 0 0 1 1 1002165 30000 0 0 0 0 0 0 0 0 0 0 0 0 
0 0 0 0 0 1 1 1002164 30000 0 0 0 0 0 0 0 0 0 0 0 0 
0 0 0 0 0 1 1 1002163 30000 0 0 0 0 0 0 0 0 0 0 0 0 
0 0 0 0 0 1 1 1002162 30000 0 0 0 0 0 0 0 0 0 0 0 0 
0 0 0 0 0 1 1 1002170 92000 0 0 0 0 0 0 0 0 0 0 0 0 
0 0 0 0 0 1 1 1002010 800 0 0 0 0 0 0 0 0 0 0 0 0 
0 0 0 0 0 1 1 1040024 15000 0 0 0 0 0 0 0 0 0 0 0 0 
0 0 0 0 0 1 1 1040023 15000 0 0 0 0 0 0 0 0 0 0 0 0 
0 0 0 0 0 1 1 1040003 9000 0 0 0 0 0 0 0 0 0 0 0 0 
0 0 0 0 0 1 1 1040011 5500 0 0 0 0 0 0 0 0 0 0 0 0 
0 0 0 0 0 1 1 1040007 5500 0 0 0 0 0 0 0 0 0 0 0 0 
0 0 0 0 0 1 1 1040071 3200 0 0 0 0 0 0 0 0 0 0 0 0 
0 0 0 0 0 1 1 1040008 3200 0 0 0 0 0 0 0 0 0 0 0 0 
0 0 0 0 0 1 1 1002160 20000 0 0 0 0 0 0 0 0 0 0 0 0 
0 0 0 0 0 1 1 1002159 20000 0 0 0 0 0 0 0 0 0 0 0 0 
0 0 0 0 0 1 1 1002158 20000 0 0 0 0 0 0 0 0 0 0 0 0 
0 0 0 0 0 1 1 1002157 20000 0 0 0 0 0 0 0 0 0 0 0 0 
0 0 0 0 0 1 1 1002156 20000 0 0 0 0 0 0 0 0 0 0 0 0 
0 0 0 0 0 1 1 1002057 800 0 0 0 0 0 0 0 0 0 0 0 0 
0 0 0 0 0 1 1 1002161 30000 0 0 0 0 0 0 0 0 0 0 0 0 
0 0 0 0 0 1 1 1002121 9000 0 0 0 0 0 0 0 0 0 0 0 0 
0 0 0 0 0 1 1 1072117 92000 0 0 0 0 0 0 0 0 0 0 0 0 
0 0 0 0 0 1 1 1072116 92000 0 0 0 0 0 0 0 0 0 0 0 0 
0 0 0 0 0 1 1 1072115 92000 0 0 0 0 0 0 0 0 0 0 0 0 
0 0 0 0 0 1 1 1072114 92000 0 0 0 0 0 0 0 0 0 0 0 0 
0 0 0 0 0 1 1 1072091 66000 0 0 0 0 0 0 0 0 0 0 0 0 
0 0 0 0 0 1 1 1072090 66000 0 0 0 0 0 0 0 0 0 0 0 0 
0 0 0 0 0 1 1 1072089 66000 0 0 0 0 0 0 0 0 0 0 0 0 
0 0 0 0 0 1 1 1072078 30000 0 0 0 0 0 0 0 0 0 0 0 0 
0 0 0 0 0 1 1 1072077 30000 0 0 0 0 0 0 0 0 0 0 0 0 
0 0 0 0 0 1 1 1072076 30000 0 0 0 0 0 0 0 0 0 0 0 0 
0 0 0 0 0 1 1 1072075 30000 0 0 0 0 0 0 0 0 0 0 0 0 
0 0 0 0 0 1 1 1072074 20000 0 0 0 0 0 0 0 0 0 0 0 0 
0 0 0 0 0 1 1 1072073 20000 0 0 0 0 0 0 0 0 0 0 0 0 
0 0 0 0 0 1 1 1082019 4000 0 0 0 0 0 0 0 0 0 0 0 0 
0 0 0 0 0 1 1 1082022 9000 0 0 0 0 0 0 0 0 0 0 0 0 
0 0 0 0 0 1 1 1002120 9000 0 0 0 0 0 0 0 0 0 0 0 0 
0 0 0 0 0 1 1 1002119 9000 0 0 0 0 0 0 0 0 0 0 0 0 
0 0 0 0 0 1 1 1002118 9000 0 0 0 0 0 0 0 0 0 0 0 0 
0 0 0 0 0 1 1 1002117 9000 0 0 0 0 0 0 0 0 0 0 0 0 
0 0 0 0 0 1 1 1002116 4000 0 0 0 0 0 0 0 0 0 0 0 0 
0 0 0 0 0 1 1 1002115 4000 0 0 0 0 0 0 0 0 0 0 0 0 
0 0 0 0 0 1 1 1002114 4000 0 0 0 0 0 0 0 0 0 0 0 0 
0 0 0 0 0 1 1 1002113 4000 0 0 0 0 0 0 0 0 0 0 0 0 
0 0 0 0 0 1 1 1002112 4000 0 0 0 0 0 0 0 0 0 0 0 0 
0 0 0 0 0 1 1 1082064 92000 0 0 0 0 0 0 0 0 0 0 0 0 
0 0 0 0 0 1 1 1082056 66000 0 0 0 0 0 0 0 0 0 0 0 0 
0 0 0 0 0 1 1 1082053 30000 0 0 0 0 0 0 0 0 0 0 0 0 
0 0 0 0 0 1 1 1082028 20000 0 0 0 0 0 0 0 0 0 0 0 0 
0 0 0 0 0 1 1 1072072 20000 0 0 0 0 0 0 0 0 0 0 0 0 
0 0 0 0 0 1 1 1040067 45000 0 0 0 0 0 0 0 0 0 0 0 0 
0 0 0 0 0 1 1 1072015 1800 0 0 0 0 0 0 0 0 0 0 0 0 
0 0 0 0 0 1 1 1061051 44000 0 0 0 0 0 0 0 0 0 0 0 0 
0 0 0 0 0 1 1 1061050 44000 0 0 0 0 0 0 0 0 0 0 0 0 
0 0 0 0 0 1 1 1061026 9000 0 0 0 0 0 0 0 0 0 0 0 0 
0 0 0 0 0 1 1 1061025 9000 0 0 0 0 0 0 0 0 0 0 0 0 
0 0 0 0 0 1 1 1061024 9000 0 0 0 0 0 0 0 0 0 0 0 0 
0 0 0 0 0 1 1 1061059 5000 0 0 0 0 0 0 0 0 0 0 0 0 
0 0 0 0 0 1 1 1061058 5000 0 0 0 0 0 0 0 0 0 0 0 0 
0 0 0 0 0 1 1 1061006 5000 0 0 0 0 0 0 0 0 0 0 0 0 
0 0 0 0 0 1 1 1061057 3000 0 0 0 0 0 0 0 0 0 0 0 0 
0 0 0 0 0 1 1 1061009 3000 0 0 0 0 0 0 0 0 0 0 0 0 
0 0 0 0 0 1 1 1060059 44000 0 0 0 0 0 0 0 0 0 0 0 0 
0 0 0 0 0 1 1 1060058 44000 0 0 0 0 0 0 0 0 0 0 0 0 
0 0 0 0 0 1 1 1060057 44000 0 0 0 0 0 0 0 0 0 0 0 0 
0 0 0 0 0 1 1 1061052 44000 0 0 0 0 0 0 0 0 0 0 0 0 
0 0 0 0 0 1 1 1060062 67500 0 0 0 0 0 0 0 0 0 0 0 0 
0 0 0 0 0 1 1 1062006 13000 0 0 0 0 0 0 0 0 0 0 0 0 
0 0 0 0 0 1 1 1062002 9000 0 0 0 0 0 0 0 0 0 0 0 0 
0 0 0 0 0 1 1 1061080 81000 0 0 0 0 0 0 0 0 0 0 0 0 
0 0 0 0 0 1 1 1061081 81000 0 0 0 0 0 0 0 0 0 0 0 0 
0 0 0 0 0 1 1 1061062 67501 0 0 0 0 0 0 0 0 0 0 0 0 
0 0 0 0 0 1 1 1061060 67500 0 0 0 0 0 0 0 0 0 0 0 0 
0 0 0 0 0 1 1 1061064 67500 0 0 0 0 0 0 0 0 0 0 0 0 
0 0 0 0 0 1 1 1061061 67500 0 0 0 0 0 0 0 0 0 0 0 0 
0 0 0 0 0 1 1 1060069 81000 0 0 0 0 0 0 0 0 0 0 0 0 
0 0 0 0 0 1 1 1060070 81000 0 0 0 0 0 0 0 0 0 0 0 0 
0 0 0 0 0 1 1 1060063 67500 0 0 0 0 0 0 0 0 0 0 0 0 
0 0 0 0 0 1 1 1060061 67500 0 0 0 0 0 0 0 0 0 0 0 0 
0 0 0 0 0 1 1 1060065 67500 0 0 0 0 0 0 0 0 0 0 0 0 
0 0 0 0 0 1 1 1060056 44000 0 0 0 0 0 0 0 0 0 0 0 0 
0 0 0 0 0 1 1 1060005 14000 0 0 0 0 0 0 0 0 0 0 0 0 
0 0 0 0 0 1 1 1041035 15000 0 0 0 0 0 0 0 0 0 0 0 0 
0 0 0 0 0 1 1 1041034 15000 0 0 0 0 0 0 0 0 0 0 0 0 
0 0 0 0 0 1 1 1041033 15000 0 0 0 0 0 0 0 0 0 0 0 0 
0 0 0 0 0 1 1 1041032 15000 0 0 0 0 0 0 0 0 0 0 0 0 
0 0 0 0 0 1 1 1041027 9000 0 0 0 0 0 0 0 0 0 0 0 0 
0 0 0 0 0 1 1 1041013 9000 0 0 0 0 0 0 0 0 0 0 0 0 
0 0 0 0 0 1 1 1041063 5500 0 0 0 0 0 0 0 0 0 0 0 0 
0 0 0 0 0 1 1 1041062 5500 0 0 0 0 0 0 0 0 0 0 0 0 
0 0 0 0 0 1 1 1041008 5500 0 0 0 0 0 0 0 0 0 0 0 0 
0 0 0 0 0 1 1 1041061 3200 0 0 0 0 0 0 0 0 0 0 0 0 
0 0 0 0 0 1 1 1041007 3200 0 0 0 0 0 0 0 0 0 0 0 0 
0 0 0 0 0 1 1 1040070 45000 0 0 0 0 0 0 0 0 0 0 0 0 
0 0 0 0 0 1 1 1040069 45000 0 0 0 0 0 0 0 0 0 0 0 0 
0 0 0 0 0 1 1 1041054 45000 0 0 0 0 0 0 0 0 0 0 0 0 
0 0 0 0 0 1 1 1041055 45000 0 0 0 0 0 0 0 0 0 0 0 0 
0 0 0 0 0 1 1 1041081 81000 0 0 0 0 0 0 0 0 0 0 0 0 
0 0 0 0 0 1 1 1041082 81000 0 0 0 0 0 0 0 0 0 0 0 0 
0 0 0 0 0 1 1 1041067 67500 0 0 0 0 0 0 0 0 0 0 0 0 
0 0 0 0 0 1 1 1041065 67500 0 0 0 0 0 0 0 0 0 0 0 0 
0 0 0 0 0 1 1 1041069 67500 0 0 0 0 0 0 0 0 0 0 0 0 
0 0 0 0 0 1 1 1041066 67500 0 0 0 0 0 0 0 0 0 0 0 0 
0 0 0 0 0 1 1 1040079 81000 0 0 0 0 0 0 0 0 0 0 0 0 
0 0 0 0 0 1 1 1040081 81000 0 0 0 0 0 0 0 0 0 0 0 0 
0 0 0 0 0 1 1 1040076 67500 0 0 0 0 0 0 0 0 0 0 0 0 
0 0 0 0 0 1 1 1040074 67500 0 0 0 0 0 0 0 0 0 0 0 0 
0 0 0 0 0 1 1 1040073 67500 0 0 0 0 0 0 0 0 0 0 0 0 
0 0 0 0 0 1 1 1040072 67500 0 0 0 0 0 0 0 0 0 0 0 0 
0 0 0 0 0 1 1 1041056 45000 0 0 0 0 0 0 0 0 0 0 0 0 
0 0 0 0 0 1 1 1040068 45000 0 0 0 0 0 0 0 0 0 0 0 0 
0 0 0 0 0 1 1 1041015 2000 0 0 0 0 0 0 0 0 0 0 0 0 
0 0 0 0 0 1 1 1002036 30000 0 0 0 0 0 0 0 0 0 0 0 0 
0 0 0 0 0 1 1 1002035 30000 0 0 0 0 0 0 0 0 0 0 0 0 
0 0 0 0 0 1 1 1002034 30000 0 0 0 0 0 0 0 0 0 0 0 0 
0 0 0 0 0 1 1 1002016 20000 0 0 0 0 0 0 0 0 0 0 0 0 
0 0 0 0 0 1 1 1002106 3800 0 0 0 0 0 0 0 0 0 0 0 0 
0 0 0 0 0 1 1 1002105 3800 0 0 0 0 0 0 0 0 0 0 0 0 
0 0 0 0 0 1 1 1002104 3800 0 0 0 0 0 0 0 0 0 0 0 0 
0 0 0 0 0 1 1 1002103 3800 0 0 0 0 0 0 0 0 0 0 0 0 
0 0 0 0 0 1 1 1002102 3800 0 0 0 0 0 0 0 0 0 0 0 0 
0 0 0 0 0 1 1 1002017 1200 0 0 0 0 0 0 0 0 0 0 0 0 
0 0 0 0 0 1 1 1212002 38000 0 0 0 0 0 0 0 0 0 0 0 0 
0 0 0 0 0 1 1 1212001 2000 0 0 0 0 0 0 0 0 0 0 0 0 
0 0 0 0 0 1 1 1462006 144000 0 0 0 0 0 0 0 0 0 0 0 0 
0 0 0 0 0 1 1 1002037 30000 0 0 0 0 0 0 0 0 0 0 0 0 
0 0 0 0 0 1 1 1002038 30000 0 0 0 0 0 0 0 0 0 0 0 0 
0 0 0 0 0 1 1 1040020 8500 0 0 0 0 0 0 0 0 0 0 0 0 
0 0 0 0 0 1 1 1040019 8500 0 0 0 0 0 0 0 0 0 0 0 0 
0 0 0 0 0 1 1 1040018 8500 0 0 0 0 0 0 0 0 0 0 0 0 
0 0 0 0 0 1 1 1040004 2000 0 0 0 0 0 0 0 0 0 0 0 0 
0 0 0 0 0 1 1 1002155 92000 0 0 0 0 0 0 0 0 0 0 0 0 
0 0 0 0 0 1 1 1002154 92000 0 0 0 0 0 0 0 0 0 0 0 0 
0 0 0 0 0 1 1 1002153 92000 0 0 0 0 0 0 0 0 0 0 0 0 
0 0 0 0 0 1 1 1002152 92000 0 0 0 0 0 0 0 0 0 0 0 0 
0 0 0 0 0 1 1 1002151 92000 0 0 0 0 0 0 0 0 0 0 0 0 
0 0 0 0 0 1 1 1002144 66000 0 0 0 0 0 0 0 0 0 0 0 0 
0 0 0 0 0 1 1 1002143 66000 0 0 0 0 0 0 0 0 0 0 0 0 
0 0 0 0 0 1 1 1002142 66000 0 0 0 0 0 0 0 0 0 0 0 0 
0 0 0 0 0 1 1 1002141 66000 0 0 0 0 0 0 0 0 0 0 0 0 
0 0 0 0 0 1 1 1462005 80000 0 0 0 0 0 0 0 0 0 0 0 0 
0 0 0 0 0 1 1 1462004 40000 0 0 0 0 0 0 0 0 0 0 0 0 
0 0 0 0 0 1 1 1382004 10000 0 0 0 0 0 0 0 0 0 0 0 0 
0 0 0 0 0 1 1 1382005 6000 0 0 0 0 0 0 0 0 0 0 0 0 
0 0 0 0 0 1 1 1382003 6000 0 0 0 0 0 0 0 0 0 0 0 0 
0 0 0 0 0 1 1 1382000 3000 0 0 0 0 0 0 0 0 0 0 0 0 
0 0 0 0 0 1 1 1372000 144000 0 0 0 0 0 0 0 0 0 0 0 0 
0 0 0 0 0 1 1 1372001 80000 0 0 0 0 0 0 0 0 0 0 0 0 
0 0 0 0 0 1 1 1372003 38000 0 0 0 0 0 0 0 0 0 0 0 0 
0 0 0 0 0 1 1 1372004 18000 0 0 0 0 0 0 0 0 0 0 0 0 
0 0 0 0 0 1 1 1372002 9000 0 0 0 0 0 0 0 0 0 0 0 0 
0 0 0 0 0 1 1 1372006 5000 0 0 0 0 0 0 0 0 0 0 0 0 
0 0 0 0 0 1 1 1372005 2000 0 0 0 0 0 0 0 0 0 0 0 0 
0 0 0 0 0 1 1 1252002 38000 0 0 0 0 0 0 0 0 0 0 0 0 
0 0 0 0 0 1 1 1252001 2000 0 0 0 0 0 0 0 0 0 0 0 0 
0 0 0 0 0 1 1 1382002 20000 0 0 0 0 0 0 0 0 0 0 0 0 
0 0 0 0 0 1 1 1382017 38000 0 0 0 0 0 0 0 0 0 0 0 0 
0 0 0 0 0 1 1 1462000 30000 0 0 0 0 0 0 0 0 0 0 0 0 
0 0 0 0 0 1 1 1462003 12000 0 0 0 0 0 0 0 0 0 0 0 0 
0 0 0 0 0 1 1 1462002 8000 0 0 0 0 0 0 0 0 0 0 0 0 
0 0 0 0 0 1 1 1462001 4000 0 0 0 0 0 0 0 0 0 0 0 0 
0 0 0 0 0 1 1 1452007 144000 0 0 0 0 0 0 0 0 0 0 0 0 
0 0 0 0 0 1 1 1452006 80000 0 0 0 0 0 0 0 0 0 0 0 0 
0 0 0 0 0 1 1 1452005 40000 0 0 0 0 0 0 0 0 0 0 0 0 
0 0 0 0 0 1 1 1452000 20000 0 0 0 0 0 0 0 0 0 0 0 0 
0 0 0 0 0 1 1 1452001 10000 0 0 0 0 0 0 0 0 0 0 0 0 
0 0 0 0 0 1 1 1452003 6000 0 0 0 0 0 0 0 0 0 0 0 0 
0 0 0 0 0 1 1 1452002 3000 0 0 0 0 0 0 0 0 0 0 0 0 
0 0 0 0 0 1 1 1382019 144000 0 0 0 0 0 0 0 0 0 0 0 0 
0 0 0 0 0 1 1 1382018 80000 0 0 0 0 0 0 0 0 0 0 0 0 
0 0 0 0 0 1 1 1041028 9000 0 0 0 0 0 0 0 0 0 0 0 0 
0 0 0 0 0 1 1 1041016 2000 0 0 0 0 0 0 0 0 0 0 0 0 
0 0 0 0 0 1 1 1072021 9000 0 0 0 0 0 0 0 0 0 0 0 0 
0 0 0 0 0 1 1 1061021 4000 0 0 0 0 0 0 0 0 0 0 0 0 
0 0 0 0 0 1 1 1061013 4000 0 0 0 0 0 0 0 0 0 0 0 0 
0 0 0 0 0 1 1 1061012 4000 0 0 0 0 0 0 0 0 0 0 0 0 
0 0 0 0 0 1 1 1061011 2000 0 0 0 0 0 0 0 0 0 0 0 0 
0 0 0 0 0 1 1 1061010 2000 0 0 0 0 0 0 0 0 0 0 0 0 
0 0 0 0 0 1 1 1060015 8000 0 0 0 0 0 0 0 0 0 0 0 0 
0 0 0 0 0 1 1 1060014 8000 0 0 0 0 0 0 0 0 0 0 0 0 
0 0 0 0 0 1 1 1060013 2000 0 0 0 0 0 0 0 0 0 0 0 0 
0 0 0 0 0 1 1 1060012 2000 0 0 0 0 0 0 0 0 0 0 0 0 
0 0 0 0 0 1 1 1051027 120000 0 0 0 0 0 0 0 0 0 0 0 0 
0 0 0 0 0 1 1 1051024 120000 0 0 0 0 0 0 0 0 0 0 0 0 
0 0 0 0 0 1 1 1051023 120000 0 0 0 0 0 0 0 0 0 0 0 0 
0 0 0 0 0 1 1 1050037 120000 0 0 0 0 0 0 0 0 0 0 0 0 
0 0 0 0 0 1 1 1061022 4000 0 0 0 0 0 0 0 0 0 0 0 0 
0 0 0 0 0 1 1 1061027 8000 0 0 0 0 0 0 0 0 0 0 0 0 
0 0 0 0 0 1 1 1072020 9000 0 0 0 0 0 0 0 0 0 0 0 0 
0 0 0 0 0 1 1 1072019 9000 0 0 0 0 0 0 0 0 0 0 0 0 
0 0 0 0 0 1 1 1072024 4000 0 0 0 0 0 0 0 0 0 0 0 0 
0 0 0 0 0 1 1 1072023 4000 0 0 0 0 0 0 0 0 0 0 0 0 
0 0 0 0 0 1 1 1072045 1500 0 0 0 0 0 0 0 0 0 0 0 0 
0 0 0 0 0 1 1 1072044 1500 0 0 0 0 0 0 0 0 0 0 0 0 
0 0 0 0 0 1 1 1072006 1500 0 0 0 0 0 0 0 0 0 0 0 0 
0 0 0 0 0 1 1 1061047 67500 0 0 0 0 0 0 0 0 0 0 0 0 
0 0 0 0 0 1 1 1061048 67500 0 0 0 0 0 0 0 0 0 0 0 0 
0 0 0 0 0 1 1 1061036 40000 0 0 0 0 0 0 0 0 0 0 0 0 
0 0 0 0 0 1 1 1061035 40000 0 0 0 0 0 0 0 0 0 0 0 0 
0 0 0 0 0 1 1 1061034 40000 0 0 0 0 0 0 0 0 0 0 0 0 
0 0 0 0 0 1 1 1061028 8000 0 0 0 0 0 0 0 0 0 0 0 0 
0 0 0 0 0 1 1 1050036 120000 0 0 0 0 0 0 0 0 0 0 0 0 
0 0 0 0 0 1 1 1050038 120000 0 0 0 0 0 0 0 0 0 0 0 0 
0 0 0 0 0 1 1 1050009 7000 0 0 0 0 0 0 0 0 0 0 0 0 
0 0 0 0 0 1 1 1050008 7000 0 0 0 0 0 0 0 0 0 0 0 0 
0 0 0 0 0 1 1 1041051 67500 0 0 0 0 0 0 0 0 0 0 0 0 
0 0 0 0 0 1 1 1041052 67500 0 0 0 0 0 0 0 0 0 0 0 0 
0 0 0 0 0 1 1 1041043 42000 0 0 0 0 0 0 0 0 0 0 0 0 
0 0 0 0 0 1 1 1041042 42000 0 0 0 0 0 0 0 0 0 0 0 0 
0 0 0 0 0 1 1 1041041 42000 0 0 0 0 0 0 0 0 0 0 0 0 
0 0 0 0 0 1 1 1041031 8500 0 0 0 0 0 0 0 0 0 0 0 0 
0 0 0 0 0 1 1 1041030 8500 0 0 0 0 0 0 0 0 0 0 0 0 
0 0 0 0 0 1 1 1041029 8500 0 0 0 0 0 0 0 0 0 0 0 0 
0 0 0 0 0 1 1 1041026 4000 0 0 0 0 0 0 0 0 0 0 0 0 
0 0 0 0 0 1 1 1041025 4000 0 0 0 0 0 0 0 0 0 0 0 0 
0 0 0 0 0 1 1 1041018 4000 0 0 0 0 0 0 0 0 0 0 0 0 
0 0 0 0 0 1 1 1050010 7000 0 0 0 0 0 0 0 0 0 0 0 0 
0 0 0 0 0 1 1 1050001 16000 0 0 0 0 0 0 0 0 0 0 0 0 
0 0 0 0 0 1 1 1050035 120000 0 0 0 0 0 0 0 0 0 0 0 0 
0 0 0 0 0 1 1 1050002 100000 0 0 0 0 0 0 0 0 0 0 0 0 
0 0 0 0 0 1 1 1050031 100000 0 0 0 0 0 0 0 0 0 0 0 0 
0 0 0 0 0 1 1 1051003 16000 0 0 0 0 0 0 0 0 0 0 0 0 
0 0 0 0 0 1 1 1051005 16000 0 0 0 0 0 0 0 0 0 0 0 0 
0 0 0 0 0 1 1 1051004 16000 0 0 0 0 0 0 0 0 0 0 0 0 
0 0 0 0 0 1 1 1050028 60000 0 0 0 0 0 0 0 0 0 0 0 0 
0 0 0 0 0 1 1 1050027 60000 0 0 0 0 0 0 0 0 0 0 0 0 
0 0 0 0 0 1 1 1050026 60000 0 0 0 0 0 0 0 0 0 0 0 0 
0 0 0 0 0 1 1 1050003 60000 0 0 0 0 0 0 0 0 0 0 0 0 
0 0 0 0 0 1 1 1050025 16000 0 0 0 0 0 0 0 0 0 0 0 0 
0 0 0 0 0 1 1 1050024 16000 0 0 0 0 0 0 0 0 0 0 0 0 
0 0 0 0 0 1 1 1050023 16000 0 0 0 0 0 0 0 0 0 0 0 0 
0 0 0 0 0 1 1 1041017 4000 0 0 0 0 0 0 0 0 0 0 0 0 
0 0 0 0 0 2200 2200 2330003 0 0 0 0 0 0 0 0 0 0 0 0 0 
0 0 0 0 0 800 800 2070008 0 0 0 0 0 0 0 0 0 0 0 0 0 
0 0 0 0 0 1000 1000 2070007 0 0 0 0 0 0 0 0 0 0 0 0 0 
0 0 0 0 0 800 800 2070006 0 0 0 0 0 0 0 0 0 0 0 0 0 
0 0 0 0 0 1000 1000 2070005 0 0 0 0 0 0 0 0 0 0 0 0 0 
0 0 0 0 0 1000 1000 2070004 0 0 0 0 0 0 0 0 0 0 0 0 0 
0 0 0 0 0 500 500 2070003 0 0 0 0 0 0 0 0 0 0 0 0 0 
0 0 0 0 0 700 700 2070002 0 0 0 0 0 0 0 0 0 0 0 0 0 
0 0 0 0 0 500 500 2070001 0 0 0 0 0 0 0 0 0 0 0 0 0 
0 0 0 0 0 500 500 2070000 0 0 0 0 0 0 0 0 0 0 0 0 0 
0 0 0 0 0 1 1 1082073 92000 0 0 0 0 0 0 0 0 0 0 0 0 
0 0 0 0 0 1 1 1082070 66000 0 0 0 0 0 0 0 0 0 0 0 0 
0 0 0 0 0 1 1 1082050 30000 0 0 0 0 0 0 0 0 0 0 0 0 
0 0 0 0 0 800 800 2070009 0 0 0 0 0 0 0 0 0 0 0 0 0 
0 0 0 0 0 800 800 2070010 0 0 0 0 0 0 0 0 0 0 0 0 0 
0 0 0 0 0 800 800 2070011 0 0 0 0 0 0 0 0 0 0 0 0 0 
0 0 0 0 0 1 1 1040017 2000 0 0 0 0 0 0 0 0 0 0 0 0 
0 0 0 0 0 1 1 1040022 15000 0 0 0 0 0 0 0 0 0 0 0 0 
0 0 0 0 0 800 800 2332000 0 0 0 0 0 0 0 0 0 0 0 0 0 
0 0 0 0 0 2600 2600 2330004 0 0 0 0 0 0 0 0 0 0 0 0 0 
0 0 0 0 0 3000 3000 2330005 0 0 0 0 0 0 0 0 0 0 0 0 0 
0 0 0 0 0 1600 1600 2330002 0 0 0 0 0 0 0 0 0 0 0 0 0 
0 0 0 0 0 3200 3200 2330008 0 0 0 0 0 0 0 0 0 0 0 0 0 
0 0 0 0 0 800 800 2331000 0 0 0 0 0 0 0 0 0 0 0 0 0 
0 0 0 0 0 1200 1200 2330001 0 0 0 0 0 0 0 0 0 0 0 0 0 
0 0 0 0 0 2000 2000 2070026 0 0 0 0 0 0 0 0 0 0 0 0 0 
0 0 0 0 0 2000 2000 2070024 0 0 0 0 0 0 0 0 0 0 0 0 0 
0 0 0 0 0 1500 1500 2070023 0 0 0 0 0 0 0 0 0 0 0 0 0 
0 0 0 0 0 1 1 1082018 20000 0 0 0 0 0 0 0 0 0 0 0 0 
0 0 0 0 0 1 1 1082015 9000 0 0 0 0 0 0 0 0 0 0 0 0 
0 0 0 0 0 1 1 1082012 4500 0 0 0 0 0 0 0 0 0 0 0 0 
0 0 0 0 0 1 1 1072081 30000 0 0 0 0 0 0 0 0 0 0 0 0 
0 0 0 0 0 1 1 1072080 30000 0 0 0 0 0 0 0 0 0 0 0 0 
0 0 0 0 0 1 1 1072079 30000 0 0 0 0 0 0 0 0 0 0 0 0 
0 0 0 0 0 1 1 1072069 20000 0 0 0 0 0 0 0 0 0 0 0 0 
0 0 0 0 0 1 1 1072034 20000 0 0 0 0 0 0 0 0 0 0 0 0 
0 0 0 0 0 1 1 1072068 9000 0 0 0 0 0 0 0 0 0 0 0 0 
0 0 0 0 0 1 1 1072067 9000 0 0 0 0 0 0 0 0 0 0 0 0 
0 0 0 0 0 1 1 1072026 9000 0 0 0 0 0 0 0 0 0 0 0 0 
0 0 0 0 0 1 1 1072025 9000 0 0 0 0 0 0 0 0 0 0 0 0 
0 0 0 0 0 1 1 1072061 4500 0 0 0 0 0 0 0 0 0 0 0 0 
0 0 0 0 0 1 1 1072060 4500 0 0 0 0 0 0 0 0 0 0 0 0 
0 0 0 0 0 1 1 1072016 4500 0 0 0 0 0 0 0 0 0 0 0 0 
0 0 0 0 0 1 1 1072059 1800 0 0 0 0 0 0 0 0 0 0 0 0 
0 0 0 0 0 1 1 1072082 30000 0 0 0 0 0 0 0 0 0 0 0 0 
0 0 0 0 0 1 1 1072083 30000 0 0 0 0 0 0 0 0 0 0 0 0 
0 0 0 0 0 1 1 1072064 30000 0 0 0 0 0 0 0 0 0 0 0 0 
0 0 0 0 0 1 1 1072018 30000 0 0 0 0 0 0 0 0 0 0 0 0 
0 0 0 0 0 1 1 1072056 15000 0 0 0 0 0 0 0 0 0 0 0 0 
0 0 0 0 0 1 1 1072055 15000 0 0 0 0 0 0 0 0 0 0 0 0 
0 0 0 0 0 1 1 1072054 15000 0 0 0 0 0 0 0 0 0 0 0 0 
0 0 0 0 0 1 1 1072012 15000 0 0 0 0 0 0 0 0 0 0 0 0 
0 0 0 0 0 1 1 1072121 92000 0 0 0 0 0 0 0 0 0 0 0 0 
0 0 0 0 0 1 1 1072120 92000 0 0 0 0 0 0 0 0 0 0 0 0 
0 0 0 0 0 1 1 1072101 66000 0 0 0 0 0 0 0 0 0 0 0 0 
0 0 0 0 0 1 1 1072102 66000 0 0 0 0 0 0 0 0 0 0 0 0 
0 0 0 0 0 1 1 1072103 66000 0 0 0 0 0 0 0 0 0 0 0 0 
0 0 0 0 0 1 1 1072118 92000 0 0 0 0 0 0 0 0 0 0 0 0 
0 0 0 0 0 1 1 1072119 92000 0 0 0 0 0 0 0 0 0 0 0 0 

#1012004
0 0 0 0 0 1 1 4160072 1000 0 0 0 0 0 0 0 0 0 0 0 0 
0 0 0 0 0 1 1 4160070 1000 0 0 0 0 0 0 0 0 0 0 0 0 
0 0 0 0 0 1 1 4160066 1000 0 0 0 0 0 0 0 0 0 0 0 0 
0 0 0 0 0 1 1 4160057 1000 0 0 0 0 0 0 0 0 0 0 0 0 
0 0 0 0 0 1 1 4160054 1000 0 0 0 0 0 0 0 0 0 0 0 0 
0 0 0 0 0 1 1 4160049 1000 0 0 0 0 0 0 0 0 0 0 0 0 
0 0 0 0 0 1 1 4160048 1000 0 0 0 0 0 0 0 0 0 0 0 0 
0 0 0 0 0 1 1 4160046 1000 0 0 0 0 0 0 0 0 0 0 0 0 
0 0 0 0 0 1 1 4160014 1000 0 0 0 0 0 0 0 0 0 0 0 0 
0 0 0 0 0 1 1 4160073 1000 0 0 0 0 0 0 0 0 0 0 0 0 
0 0 0 0 0 1 1 4160075 1000 0 0 0 0 0 0 0 0 0 0 0 0 
0 0 0 0 0 1 1 4160076 1000 0 0 0 0 0 0 0 0 0 0 0 0 
0 0 0 0 0 1 1 4160094 1000 0 0 0 0 0 0 0 0 0 0 0 0 
0 0 0 0 0 1 1 4160092 1000 0 0 0 0 0 0 0 0 0 0 0 0 
0 0 0 0 0 1 1 4160090 1000 0 0 0 0 0 0 0 0 0 0 0 0 
0 0 0 0 0 1 1 4160088 1000 0 0 0 0 0 0 0 0 0 0 0 0 
0 0 0 0 0 1 1 4160087 1000 0 0 0 0 0 0 0 0 0 0 0 0 
0 0 0 0 0 1 1 4160082 1000 0 0 0 0 0 0 0 0 0 0 0 0 
0 0 0 0 0 1 1 4160079 1000 0 0 0 0 0 0 0 0 0 0 0 0 
0 0 0 0 0 1 1 4160078 1000 0 0 0 0 0 0 0 0 0 0 0 0 
0 0 0 0 0 1 1 4160097 1000 0 0 0 0 0 0 0 0 0 0 0 0 
0 0 0 0 0 1 1 4160033 1000 0 0 0 0 0 0 0 0 0 0 0 0 
0 0 0 0 0 1 1 4160005 1000 0 0 0 0 0 0 0 0 0 0 0 0 
0 0 0 0 0 1 1 4160004 1000 0 0 0 0 0 0 0 0 0 0 0 0 
0 0 0 0 0 1 1 4160003 1000 0 0 0 0 0 0 0 0 0 0 0 0 
0 0 0 0 0 1 1 4160002 1000 0 0 0 0 0 0 0 0 0 0 0 0 
0 0 0 0 0 1 1 4160001 1000 0 0 0 0 0 0 0 0 0 0 0 0 
0 0 0 0 0 1 1 4160000 1000 0 0 0 0 0 0 0 0 0 0 0 0 
0 0 0 0 0 200 1 2260000 1000 0 0 0 0 0 0 0 0 0 0 0 0 
0 0 0 0 0 1000 1 2120000 30 0 0 0 0 0 0 0 0 0 0 0 0 
0 0 0 0 0 1 1 4160006 1000 0 0 0 0 0 0 0 0 0 0 0 0 
0 0 0 0 0 1 1 4160007 1000 0 0 0 0 0 0 0 0 0 0 0 0 
0 0 0 0 0 1 1 4160008 1000 0 0 0 0 0 0 0 0 0 0 0 0 
0 0 0 0 0 1 1 4160031 1000 0 0 0 0 0 0 0 0 0 0 0 0 
0 0 0 0 0 1 1 4160028 1000 0 0 0 0 0 0 0 0 0 0 0 0 
0 0 0 0 0 1 1 4160020 1000 0 0 0 0 0 0 0 0 0 0 0 0 
0 0 0 0 0 1 1 4160019 1000 0 0 0 0 0 0 0 0 0 0 0 0 
0 0 0 0 0 1 1 4160015 1000 0 0 0 0 0 0 0 0 0 0 0 0 
0 0 0 0 0 1 1 4160012 1000 0 0 0 0 0 0 0 0 0 0 0 0 
0 0 0 0 0 1 1 4160010 1000 0 0 0 0 0 0 0 0 0 0 0 0 
0 0 0 0 0 1 1 4160009 500 0 0 0 0 0 0 0 0 0 0 0 0 
0 0 0 0 0 1 1 4160041 1000 0 0 0 0 0 0 0 0 0 0 0 0 
0 0 0 0 0 1 1 4160160 1000 0 0 0 0 0 0 0 0 0 0 0 0 
0 0 0 0 0 1 1 4160166 1000 0 0 0 0 0 0 0 0 0 0 0 0 
0 0 0 0 0 1 1 4160148 1000 0 0 0 0 0 0 0 0 0 0 0 0 
0 0 0 0 0 1 1 4160154 1000 0 0 0 0 0 0 0 0 0 0 0 0 
0 0 0 0 0 1 1 4160142 1000 0 0 0 0 0 0 0 0 0 0 0 0 
0 0 0 0 0 1 1 4160129 1000 0 0 0 0 0 0 0 0 0 0 0 0 
0 0 0 0 0 1 1 4160139 1000 0 0 0 0 0 0 0 0 0 0 0 0 
0 0 0 0 0 1 1 4160157 1000 0 0 0 0 0 0 0 0 0 0 0 0 
0 0 0 0 0 1 1 4160155 1000 0 0 0 0 0 0 0 0 0 0 0 0 
0 0 0 0 0 1 1 4160151 1000 0 0 0 0 0 0 0 0 0 0 0 0 
0 0 0 0 0 1 1 4160150 1000 0 0 0 0 0 0 0 0 0 0 0 0 
0 0 0 0 0 1 1 4160157 1000 0 0 0 0 0 0 0 0 0 0 0 0 
0 0 0 0 0 1 1 4160174 1000 0 0 0 0 0 0 0 0 0 0 0 0 
0 0 0 0 0 1 1 4160170 1000 0 0 0 0 0 0 0 0 0 0 0 0 
0 0 0 0 0 1 1 4160175 1000 0 0 0 0 0 0 0 0 0 0 0 0 
0 0 0 0 0 1 1 4160067 1000 0 0 0 0 0 0 0 0 0 0 0 0 
0 0 0 0 0 1 1 4160068 1000 0 0 0 0 0 0 0 0 0 0 0 0 
0 0 0 0 0 1 1 4160069 1000 0 0 0 0 0 0 0 0 0 0 0 0 
0 0 0 0 0 1 1 4160169 1000 0 0 0 0 0 0 0 0 0 0 0 0 
0 0 0 0 0 1 1 4160168 1000 0 0 0 0 0 0 0 0 0 0 0 0 
0 0 0 0 0 1 1 4160173 1000 0 0 0 0 0 0 0 0 0 0 0 0 
0 0 0 0 0 1 1 4160172 1000 0 0 0 0 0 0 0 0 0 0 0 0 
0 0 0 0 0 1 1 4160148 1000 0 0 0 0 0 0 0 0 0 0 0 0 
0 0 0 0 0 1 1 4160149 1000 0 0 0 0 0 0 0 0 0 0 0 0 
0 0 0 0 0 1 1 4160098 1000 0 0 0 0 0 0 0 0 0 0 0 0 
0 0 0 0 0 1 1 4160115 1000 0 0 0 0 0 0 0 0 0 0 0 0 
0 0 0 0 0 1 1 4160112 1000 0 0 0 0 0 0 0 0 0 0 0 0 
0 0 0 0 0 1 1 4160111 1000 0 0 0 0 0 0 0 0 0 0 0 0 
0 0 0 0 0 1 1 4160109 1000 0 0 0 0 0 0 0 0 0 0 0 0 
0 0 0 0 0 1 1 4160107 1000 0 0 0 0 0 0 0 0 0 0 0 0 
0 0 0 0 0 1 1 4160106 1000 0 0 0 0 0 0 0 0 0 0 0 0 
0 0 0 0 0 1 1 4160104 1000 0 0 0 0 0 0 0 0 0 0 0 0 
0 0 0 0 0 1 1 4160100 1000 0 0 0 0 0 0 0 0 0 0 0 0 
0 0 0 0 0 1 1 4160103 1000 0 0 0 0 0 0 0 0 0 0 0 0 
0 0 0 0 0 1 1 4160102 1000 0 0 0 0 0 0 0 0 0 0 0 0 
0 0 0 0 0 1 1 4160119 1000 0 0 0 0 0 0 0 0 0 0 0 0 
0 0 0 0 0 1 1 4160120 1000 0 0 0 0 0 0 0 0 0 0 0 0 
0 0 0 0 0 1 1 4160145 1000 0 0 0 0 0 0 0 0 0 0 0 0 
0 0 0 0 0 1 1 4160144 1000 0 0 0 0 0 0 0 0 0 0 0 0 
0 0 0 0 0 1 1 4160147 1000 0 0 0 0 0 0 0 0 0 0 0 0 
0 0 0 0 0 1 1 4160143 1000 0 0 0 0 0 0 0 0 0 0 0 0 
0 0 0 0 0 1 1 4160138 1000 0 0 0 0 0 0 0 0 0 0 0 0 
0 0 0 0 0 1 1 4160128 1000 0 0 0 0 0 0 0 0 0 0 0 0 
0 0 0 0 0 1 1 4160137 1000 0 0 0 0 0 0 0 0 0 0 0 0 
0 0 0 0 0 1 1 4160136 1000 0 0 0 0 0 0 0 0 0 0 0 0 
0 0 0 0 0 1 1 4160135 1000 0 0 0 0 0 0 0 0 0 0 0 0 
0 0 0 0 0 1 1 4160124 1000 0 0 0 0 0 0 0 0 0 0 0 0 

#9072100
0 0 0 0 0 1 1 1352271 330000 0 0 0 0 0 0 0 0 0 0 0 0 
0 0 0 0 0 1 1 1352270 80000 0 0 0 0 0 0 0 0 0 0 0 0 
0 0 0 0 0 1 1 1352262 580000 0 0 0 0 0 0 0 0 0 0 0 0 
0 0 0 0 0 1 1 1352261 330000 0 0 0 0 0 0 0 0 0 0 0 0 
0 0 0 0 0 1 1 1352260 80000 0 0 0 0 0 0 0 0 0 0 0 0 
0 0 0 0 0 1 1 1352241 330000 0 0 0 0 0 0 0 0 0 0 0 0 
0 0 0 0 0 1 1 1352252 580000 0 0 0 0 0 0 0 0 0 0 0 0 
0 0 0 0 0 1 1 1352251 330000 0 0 0 0 0 0 0 0 0 0 0 0 
0 0 0 0 0 1 1 1352242 580000 0 0 0 0 0 0 0 0 0 0 0 0 
0 0 0 0 0 1 1 1352250 80000 0 0 0 0 0 0 0 0 0 0 0 0 
0 0 0 0 0 1 1 1352272 580000 0 0 0 0 0 0 0 0 0 0 0 0 
0 0 0 0 0 1 1 1352280 80000 0 0 0 0 0 0 0 0 0 0 0 0 
0 0 0 0 0 1 1 1352902 580000 0 0 0 0 0 0 0 0 0 0 0 0 
0 0 0 0 0 1 1 1352901 330000 0 0 0 0 0 0 0 0 0 0 0 0 
0 0 0 0 0 1 1 1352910 80000 0 0 0 0 0 0 0 0 0 0 0 0 
0 0 0 0 0 1 1 1352292 580000 0 0 0 0 0 0 0 0 0 0 0 0 
0 0 0 0 0 1 1 1352291 330000 0 0 0 0 0 0 0 0 0 0 0 0 
0 0 0 0 0 1 1 1352900 80000 0 0 0 0 0 0 0 0 0 0 0 0 
0 0 0 0 0 1 1 1352290 80000 0 0 0 0 0 0 0 0 0 0 0 0 
0 0 0 0 0 1 1 1352282 580000 0 0 0 0 0 0 0 0 0 0 0 0 
0 0 0 0 0 1 1 1352281 330000 0 0 0 0 0 0 0 0 0 0 0 0 
0 0 0 0 0 1 1 1352240 80000 0 0 0 0 0 0 0 0 0 0 0 0 
0 0 0 0 0 1 1 1352232 580000 0 0 0 0 0 0 0 0 0 0 0 0 
0 0 0 0 0 1 1 1352821 80000 0 0 0 0 0 0 0 0 0 0 0 0 
0 0 0 0 0 1 1 1352820 3000 0 0 0 0 0 0 0 0 0 0 0 0 
0 0 0 0 0 1 1 1352813 580000 0 0 0 0 0 0 0 0 0 0 0 0 
0 0 0 0 0 1 1 1352812 330000 0 0 0 0 0 0 0 0 0 0 0 0 
0 0 0 0 0 1 1 1352811 79000 0 0 0 0 0 0 0 0 0 0 0 0 
0 0 0 0 0 1 1 1352810 3000 0 0 0 0 0 0 0 0 0 0 0 0 
0 0 0 0 0 1 1 1352803 580000 0 0 0 0 0 0 0 0 0 0 0 0 
0 0 0 0 0 1 1 1352801 79000 0 0 0 0 0 0 0 0 0 0 0 0 
0 0 0 0 0 1 1 1352800 3000 0 0 0 0 0 0 0 0 0 0 0 0 
0 0 0 0 0 1 1 1099004 580000 0 0 0 0 0 0 0 0 0 0 0 0 
0 0 0 0 0 1 1 1352822 330000 0 0 0 0 0 0 0 0 0 0 0 0 
0 0 0 0 0 1 1 1352823 580000 0 0 0 0 0 0 0 0 0 0 0 0 
0 0 0 0 0 1 1 1352200 80000 0 0 0 0 0 0 0 0 0 0 0 0 
0 0 0 0 0 1 1 1352231 330000 0 0 0 0 0 0 0 0 0 0 0 0 
0 0 0 0 0 1 1 1352230 80000 0 0 0 0 0 0 0 0 0 0 0 0 
0 0 0 0 0 1 1 1352222 580000 0 0 0 0 0 0 0 0 0 0 0 0 
0 0 0 0 0 1 1 1352221 330000 0 0 0 0 0 0 0 0 0 0 0 0 
0 0 0 0 0 1 1 1352220 80000 0 0 0 0 0 0 0 0 0 0 0 0 
0 0 0 0 0 1 1 1352212 580000 0 0 0 0 0 0 0 0 0 0 0 0 
0 0 0 0 0 1 1 1352211 330000 0 0 0 0 0 0 0 0 0 0 0 0 
0 0 0 0 0 1 1 1352210 80000 0 0 0 0 0 0 0 0 0 0 0 0 
0 0 0 0 0 1 1 1352202 580000 0 0 0 0 0 0 0 0 0 0 0 0 
0 0 0 0 0 1 1 1352201 330000 0 0 0 0 0 0 0 0 0 0 0 0 
0 0 0 0 0 1 1 1352931 330000 0 0 0 0 0 0 0 0 0 0 0 0 
0 0 0 0 0 1 1 1352000 3000 0 0 0 0 0 0 0 0 0 0 0 0 
0 0 0 0 0 1 1 1352503 580000 0 0 0 0 0 0 0 0 0 0 0 0 
0 0 0 0 0 1 1 1353004 580000 0 0 0 0 0 0 0 0 0 0 0 0 
0 0 0 0 0 1 1 1352972 580000 0 0 0 0 0 0 0 0 0 0 0 0 
0 0 0 0 0 1 1 1352971 330000 0 0 0 0 0 0 0 0 0 0 0 0 
0 0 0 0 0 1 1 1352970 80000 0 0 0 0 0 0 0 0 0 0 0 0 
0 0 0 0 0 1 1 1352962 580000 0 0 0 0 0 0 0 0 0 0 0 0 
0 0 0 0 0 1 1 1352961 330000 0 0 0 0 0 0 0 0 0 0 0 0 
0 0 0 0 0 1 1 1352960 80000 0 0 0 0 0 0 0 0 0 0 0 0 
0 0 0 0 0 1 1 1352952 580000 0 0 0 0 0 0 0 0 0 0 0 0 
0 0 0 0 0 1 1 1352951 330000 0 0 0 0 0 0 0 0 0 0 0 0 
0 0 0 0 0 1 1 1352604 580000 0 0 0 0 0 0 0 0 0 0 0 0 
0 0 0 0 0 1 1 1352703 580000 0 0 0 0 0 0 0 0 0 0 0 0 
0 0 0 0 0 1 1 1353403 580000 0 0 0 0 0 0 0 0 0 0 0 0 
0 0 0 0 0 1 1 1353402 330000 0 0 0 0 0 0 0 0 0 0 0 0 
0 0 0 0 0 1 1 1353401 79000 0 0 0 0 0 0 0 0 0 0 0 0 
0 0 0 0 0 1 1 1353400 3000 0 0 0 0 0 0 0 0 0 0 0 0 
0 0 0 0 0 1 1 1353203 580000 0 0 0 0 0 0 0 0 0 0 0 0 
0 0 0 0 0 1 1 1353202 330000 0 0 0 0 0 0 0 0 0 0 0 0 
0 0 0 0 0 1 1 1353201 79000 0 0 0 0 0 0 0 0 0 0 0 0 
0 0 0 0 0 1 1 1353200 3000 0 0 0 0 0 0 0 0 0 0 0 0 
0 0 0 0 0 1 1 1099009 580000 0 0 0 0 0 0 0 0 0 0 0 0 
0 0 0 0 0 1 1 1098003 580000 0 0 0 0 0 0 0 0 0 0 0 0 
0 0 0 0 0 1 1 1352950 80000 0 0 0 0 0 0 0 0 0 0 0 0 
0 0 0 0 0 1 1 1352403 580000 0 0 0 0 0 0 0 0 0 0 0 0 
0 0 0 0 0 1 1 1352402 330000 0 0 0 0 0 0 0 0 0 0 0 0 
0 0 0 0 0 1 1 1352942 580000 0 0 0 0 0 0 0 0 0 0 0 0 
0 0 0 0 0 1 1 1352941 330000 0 0 0 0 0 0 0 0 0 0 0 0 
0 0 0 0 0 1 1 1352940 80000 0 0 0 0 0 0 0 0 0 0 0 0 
0 0 0 0 0 1 1 1352932 580000 0 0 0 0 0 0 0 0 0 0 0 0 
0 0 0 0 0 1 1 1352930 80000 0 0 0 0 0 0 0 0 0 0 0 0 
0 0 0 0 0 1 1 1352922 580000 0 0 0 0 0 0 0 0 0 0 0 0 
0 0 0 0 0 1 1 1352921 330000 0 0 0 0 0 0 0 0 0 0 0 0 
0 0 0 0 0 1 1 1352920 80000 0 0 0 0 0 0 0 0 0 0 0 0 
0 0 0 0 0 1 1 1352912 580000 0 0 0 0 0 0 0 0 0 0 0 0 
0 0 0 0 0 1 1 1352911 330000 0 0 0 0 0 0 0 0 0 0 0 0 
0 0 0 0 0 1 1 1352001 79000 0 0 0 0 0 0 0 0 0 0 0 0 
0 0 0 0 0 1 1 1352002 330000 0 0 0 0 0 0 0 0 0 0 0 0 
0 0 0 0 0 1 1 1352003 580000 0 0 0 0 0 0 0 0 0 0 0 0 
0 0 0 0 0 1 1 1352401 79000 0 0 0 0 0 0 0 0 0 0 0 0 
0 0 0 0 0 1 1 1352400 3000 0 0 0 0 0 0 0 0 0 0 0 0 
0 0 0 0 0 1 1 1352103 580000 0 0 0 0 0 0 0 0 0 0 0 0 
0 0 0 0 0 1 1 1352102 330000 0 0 0 0 0 0 0 0 0 0 0 0 
0 0 0 0 0 1 1 1352101 79000 0 0 0 0 0 0 0 0 0 0 0 0 
0 0 0 0 0 1 1 1352100 3000 0 0 0 0 0 0 0 0 0 0 0 0 
0 0 0 0 0 1 1 1353103 580000 0 0 0 0 0 0 0 0 0 0 0 0 
0 0 0 0 0 1 1 1353102 330000 0 0 0 0 0 0 0 0 0 0 0 0 
0 0 0 0 0 1 1 1353101 79000 0 0 0 0 0 0 0 0 0 0 0 0 
0 0 0 0 0 1 1 1353100 3000 0 0 0 0 0 0 0 0 0 0 0 0 

#9201450
2 0 0 0 0 1 1 2500000 7000000 0 0 0 0 0 0 10080 0 0 0 0 1 
2 0 0 0 0 1 1 2320000 3000000 0 0 0 0 0 0 10080 0 0 0 0 1 
2 0 0 0 0 100 1 4143000 1000000 0 0 0 0 0 0 0 0 0 0 0 3 
2 0 0 0 0 100 1 4140001 3000000 0 0 0 0 0 0 0 0 0 0 0 3 
2 0 0 0 0 100 1 4142000 2000000 0 0 0 0 0 0 0 0 0 0 0 3 
2 0 0 0 0 1 1 2501000 7000000 0 0 0 0 0 0 10080 0 0 0 0 1 